0,438
0,437
0,436
0,435
0,434
0,433
0,432
0,431
0,430
0,429
0,428
0,427
0,426
0,425
0,424
0,423
0,422
0,421
0,420
0,419
0,418
0,417
0,416
0,415
0,414
32,4
32,3
32,2
0,413
0,412
32,1
32,0
0,411
0,410
0,409
0,408
0,407
0,406
0,405
0,404
0,403
0,402
0,401
0,400
0,399
0,398
0,397
0,273
0,270
31,4
31,3
31,2
0,396
31,1
31,0
0,395
0,394
0,393
30,5
0,392
0,391
0,390
0,389
30,4
0,388
0,387
0,386
0,385
28,5
0,384
0,319
28,4
0,318
0,317
27,4
26,4
0,316
25,4
30,3
30,2
30,1
30,0
29,3
29,2
29,1
29,0
28,3
28,2
28,1
28,0
27,3
27,2
27,1
27,0
26,3
26,2
26,1
26,0
25,3
25,2
25,1
25,0
0,283
0,243
24,3
24,2
0,9
24,1
24,0
23,49
23,48
23,47
23,46
23,45
23,44
23,43
23,42
23,41
23,40
23,39
23,38
23,37
23,36
23,35
3,2
3,1
3,3
10,147
10,129
10,107
10,69
10,143
10,2
10,3
11,17
11,15
11,5
11,13
11,2
